10 30 40 50 60
20 40 20 30 40
10=20
ZZZ
10 30 40 50 60
10 30 40 50 60
10=10
30=30
40=40
50=50
60=60
GOOD
10 30 40 50 60
1 1 1 1 1
10=1
ZZZ
10 30 40 50 60
20 40 20 30 40
10=20
ZZZ
20 40 20 30 40
10 30 40 50 60
20=10
ZZZ
20 40 20 30 40
1 1 1 1 1
20=1
ZZZ
20 40 20 30 40
20 40 20 30 40
20=20
40=40
20=20
30=30
40=40
GOOD
10 30 40 50 60
1 1 1 1 1
10=1
ZZZ
10 30 40 50 60
20 40 20 30 40
10=20
ZZZ
1 1 1 1 1
20 40 20 30 40
1=20
ZZZ
10 30 40 50 60
20 40 20 30 40
10=20
ZZZ
10 30 40 50 60
10 30 40 50 60
10=10
30=30
40=40
50=50
60=60
GOOD
10 30 40 50 60
1 1 1 1 1
10=1
ZZZ
10 30 40 50 60
20 40 20 30 40
10=20
ZZZ
20 40 20 30 40
10 30 40 50 60
20=10
ZZZ
20 40 20 30 40
1 1 1 1 1
20=1
ZZZ
20 40 20 30 40
20 40 20 30 40
20=20
40=40
20=20
30=30
40=40
GOOD
10 30 40 50 60
1 1 1 1 1
10=1
ZZZ
10 30 40 50 60
20 40 20 30 40
10=20
ZZZ
1 1 1 1 1
20 40 20 30 40
1=20
ZZZ
10 30 40 50 60
20 40 20 30 40
10=20
ZZZ
10 30 40 50 60
10 30 40 50 60
10=10
30=30
40=40
50=50
60=60
GOOD
10 30 40 50 60
1 1 1 1 1
10=1
ZZZ
10 30 40 50 60
20 40 20 30 40
10=20
ZZZ
20 40 20 30 40
10 30 40 50 60
20=10
ZZZ
20 40 20 30 40
1 1 1 1 1
20=1
ZZZ
20 40 20 30 40
20 40 20 30 40
20=20
40=40
20=20
30=30
40=40
GOOD
10 30 40 50 60
1 1 1 1 1
10=1
ZZZ
10 30 40 50 60
20 40 20 30 40
10=20
ZZZ
1 1 1 1 1
20 40 20 30 40
1=20
ZZZ
